1 0 Car -1.000000 -1 -4.766487 572.000012 172.000050 610.999963 209.000050 1.516672 1.704169 3.973352 -0.868426 1.641701 30.635927 -10.000000 0.315358 
1 1 Car -1.000000 -1 -5.147637 243.999988 173.999988 297.000012 202.000000 1.595054 1.659722 4.031461 -23.927070 2.170404 50.895671 -10.000000 0.466133 
1 2 Car -1.000000 -1 -5.040907 313.999963 175.000000 352.999925 196.000012 1.595054 1.659722 4.031461 -23.446527 2.149186 61.047489 -10.000000 0.337966 
2 0 Car -1.000000 -1 -4.766487 570.000025 172.000000 611.000025 209.999950 1.474455 1.725873 3.840094 -0.931213 1.713719 30.852488 -10.000000 1.148397 
2 1 Car -1.000000 -1 -5.147637 223.000475 172.000125 282.000125 203.999900 1.595054 1.659722 4.031461 -23.211638 1.967543 47.052822 -10.000000 1.184722 
2 2 Car -1.000000 -1 -5.040907 305.000125 174.000100 343.000250 196.999975 1.595054 1.659722 4.031461 -23.399233 1.984047 59.185608 -10.000000 1.095642 
3 0 Car -1.000000 -1 -4.746837 569.154347 168.617341 609.308697 207.617313 1.493746 1.720212 3.892375 -0.868948 1.483438 30.174235 -10.000000 1.851349 
3 1 Car -1.000000 -1 -5.150772 206.688405 169.961489 270.996876 202.655876 1.595054 1.659722 4.031461 -23.189385 1.836416 45.234673 -10.000000 1.894070 
3 2 Car -1.000000 -1 -5.021296 291.733177 172.652798 339.495366 196.038568 1.595054 1.659722 4.031461 -22.911950 1.745278 56.293816 -10.000000 1.773433 
4 0 Car -1.000000 -1 -4.775452 568.906038 169.705259 611.761988 207.230309 1.449362 1.734038 3.904476 -0.964580 1.567696 30.590861 -10.000000 2.512614 
4 1 Car -1.000000 -1 -1.870576 187.323882 168.548493 258.510888 202.338126 1.595054 1.659722 4.031461 -23.061647 1.783418 43.088711 -10.000000 2.599873 
4 2 Car -1.000000 -1 -1.044365 279.947484 172.686405 328.360167 195.451508 1.595054 1.659722 4.031461 -22.930219 1.740156 54.205573 -10.000000 2.474572 
5 0 Car -1.000000 -1 -4.425603 572.134013 169.944039 612.867448 208.919258 1.468943 1.727451 3.928280 -0.721217 1.383228 28.246636 -10.000000 3.188494 
5 1 Car -1.000000 -1 -5.812712 165.123608 166.940063 239.389941 202.729637 1.595054 1.659722 4.031461 -23.346338 1.786181 41.400531 -10.000000 3.348543 
5 2 Car -1.000000 -1 -2.030893 269.933786 170.846263 319.755214 195.218456 1.595054 1.659722 4.031461 -22.945493 1.650581 52.723378 -10.000000 3.173552 
6 0 Car -1.000000 -1 -4.750436 573.926556 169.630878 612.380510 210.861675 1.484856 1.721371 3.945294 -0.645539 1.520824 27.702785 -10.000000 3.906449 
6 1 Car -1.000000 -1 -1.865532 147.268312 168.302865 223.216942 203.646412 1.595054 1.659722 4.031461 -23.261173 1.716644 39.597056 -10.000000 4.013095 
6 2 Car -1.000000 -1 -1.522998 258.744206 170.428079 307.397964 196.681423 1.595054 1.659722 4.031461 -22.814197 1.651105 50.375650 -10.000000 3.899002 
7 0 Car -1.000000 -1 -4.708019 574.966728 171.164400 612.383505 213.080965 1.447737 1.746679 3.856055 -0.768752 1.588432 28.418672 -10.000000 4.614282 
7 1 Car -1.000000 -1 -5.600544 121.713262 169.360772 208.086172 205.662963 1.595054 1.659722 4.031461 -23.489763 1.818793 38.134330 -10.000000 4.678794 
7 2 Car -1.000000 -1 -4.934535 246.436060 171.907376 298.042686 198.826387 1.595054 1.659722 4.031461 -22.776483 1.789051 48.743601 -10.000000 4.612455 
8 0 Car -1.000000 -1 -4.641917 575.558962 172.424067 613.239490 215.042532 1.464669 1.738722 3.880100 -0.596446 1.567580 27.243638 -10.000000 5.286196 
8 1 Car -1.000000 -1 -5.204008 95.145309 169.994120 191.477664 208.165173 1.595054 1.659722 4.031461 -24.110791 2.043275 37.415045 -10.000000 5.332063 
8 2 Car -1.000000 -1 -5.451415 231.373094 173.204929 288.220221 200.823697 1.595054 1.659722 4.031461 -23.109025 1.998039 47.708293 -10.000000 5.319154 
9 0 Car -1.000000 -1 -4.782643 574.066168 172.800174 613.281514 215.751490 1.432041 1.778830 3.788741 -0.698575 1.646850 28.190189 -10.000000 5.827143 
9 1 Car -1.000000 -1 -5.678576 66.571088 170.959381 167.359210 210.481664 1.595054 1.659722 4.031461 -24.415373 1.919764 35.745466 -10.000000 5.965291 
9 2 Car -1.000000 -1 -5.338672 215.299483 173.647921 277.793112 202.855387 1.595054 1.659722 4.031461 -23.062830 1.905187 45.839429 -10.000000 5.983545 
10 0 Car -1.000000 -1 -4.722036 572.674086 174.047586 614.457585 215.157413 1.413032 1.829538 3.658385 -0.778624 1.764293 29.039278 -10.000000 6.437721 
10 1 Car -1.000000 -1 -5.411093 28.795075 170.917754 138.175709 214.624485 1.595054 1.659722 4.031461 -24.700726 1.998881 33.862265 -10.000000 6.545182 
10 2 Car -1.000000 -1 -5.176672 198.474308 174.701338 263.781454 205.855849 1.595054 1.659722 4.031461 -23.082198 2.032612 44.003901 -10.000000 6.664322 
11 0 Car -1.000000 -1 -4.751374 572.971367 173.877994 615.815690 215.903960 1.401011 1.860810 3.437601 -0.764043 1.800856 29.839502 -10.000000 7.009579 
11 1 Car -1.000000 -1 -1.564861 0.000000 170.748487 111.824486 218.338957 1.595054 1.659722 4.031461 -24.314649 1.977056 31.645164 -10.000000 7.102795 
11 2 Car -1.000000 -1 -5.531967 179.101404 174.646744 246.896680 206.538546 1.595054 1.659722 4.031461 -23.434599 2.035557 42.624321 -10.000000 7.294999 
11 3 Car -1.000000 -1 -2.330723 367.999975 175.000012 397.999988 193.999988 1.595054 1.659722 4.031461 -24.287979 2.244501 77.069157 -10.000000 0.191711 
12 0 Car -1.000000 -1 -4.742765 572.225485 173.349122 615.833527 214.968533 1.384962 1.945620 3.329264 -0.709926 1.749876 30.509935 -10.000000 7.627922 
12 1 Car -1.000000 -1 -5.292296 0.000000 173.922547 74.613421 221.486223 1.595054 1.659722 4.031461 -24.596065 2.182779 30.708293 -10.000000 7.490670 
12 2 Car -1.000000 -1 -5.258579 156.266596 175.455690 233.903938 208.069808 1.595054 1.659722 4.031461 -23.936895 2.214656 41.672444 -10.000000 7.833054 
13 0 Car -1.000000 -1 -4.718596 574.539911 173.430023 615.977935 213.881372 1.406388 1.918809 3.405636 -0.620829 1.700967 30.197045 -10.000000 8.201374 
13 2 Car -1.000000 -1 -5.492039 133.177957 175.274716 214.235519 209.481213 1.595054 1.659722 4.031461 -24.172095 2.077532 39.986549 -10.000000 8.431732 
13 3 Car -1.000000 -1 -1.854380 357.999997 175.999981 381.000078 194.000006 1.595054 1.659722 4.031461 -24.214206 2.142014 72.810745 -10.000000 0.768511 
14 0 Car -1.000000 -1 -4.697907 575.189035 173.523606 616.001120 213.581403 1.399165 1.985645 3.332584 -0.479884 1.756653 30.597607 -10.000000 8.790940 
14 2 Car -1.000000 -1 -4.281701 107.883981 173.931563 195.798683 211.341708 1.595054 1.659722 4.031461 -23.599984 1.927007 37.190038 -10.000000 8.964361 
14 3 Car -1.000000 -1 -4.956958 348.491151 174.444157 380.366746 192.936553 1.595054 1.659722 4.031461 -24.399137 2.057482 71.889268 -10.000000 1.313624 
15 0 Car -1.000000 -1 -4.759745 573.325181 174.247525 618.068723 212.999057 1.391404 1.987002 3.370850 -0.609134 1.737195 31.008469 -10.000000 9.294772 
15 2 Car -1.000000 -1 -5.573142 78.424116 171.673414 176.180258 210.469800 1.595054 1.659722 4.031461 -23.803991 1.860788 35.601498 -10.000000 9.495070 
15 3 Car -1.000000 -1 -1.823308 341.971657 174.716127 377.671189 193.762263 1.595054 1.659722 4.031461 -23.965311 1.963123 69.128542 -10.000000 2.039628 
1 0 Car -1.000000 -1 -4.766487 572.000012 172.000050 610.999963 209.000050 1.516672 1.704169 3.973352 -0.868426 1.641701 30.635927 -10.000000 0.315358 
1 1 Car -1.000000 -1 -5.147637 243.999988 173.999988 297.000012 202.000000 1.595054 1.659722 4.031461 -23.927070 2.170404 50.895671 -10.000000 0.466133 
1 2 Car -1.000000 -1 -5.040907 313.999963 175.000000 352.999925 196.000012 1.595054 1.659722 4.031461 -23.446527 2.149186 61.047489 -10.000000 0.337966 
2 0 Car -1.000000 -1 -4.766487 570.000025 172.000000 611.000025 209.999950 1.474455 1.725873 3.840094 -0.931213 1.713719 30.852488 -10.000000 1.148397 
2 1 Car -1.000000 -1 -5.147637 223.000475 172.000125 282.000125 203.999900 1.595054 1.659722 4.031461 -23.211638 1.967543 47.052822 -10.000000 1.184722 
2 2 Car -1.000000 -1 -5.040907 305.000125 174.000100 343.000250 196.999975 1.595054 1.659722 4.031461 -23.399233 1.984047 59.185608 -10.000000 1.095642 
3 0 Car -1.000000 -1 -4.746837 569.154347 168.617341 609.308697 207.617313 1.493746 1.720212 3.892375 -0.868948 1.483438 30.174235 -10.000000 1.851349 
3 1 Car -1.000000 -1 -5.150772 206.688405 169.961489 270.996876 202.655876 1.595054 1.659722 4.031461 -23.189385 1.836416 45.234673 -10.000000 1.894070 
3 2 Car -1.000000 -1 -5.021296 291.733177 172.652798 339.495366 196.038568 1.595054 1.659722 4.031461 -22.911950 1.745278 56.293816 -10.000000 1.773433 
4 0 Car -1.000000 -1 -4.775452 568.906038 169.705259 611.761988 207.230309 1.449362 1.734038 3.904476 -0.964580 1.567696 30.590861 -10.000000 2.512614 
4 1 Car -1.000000 -1 -1.870576 187.323882 168.548493 258.510888 202.338126 1.595054 1.659722 4.031461 -23.061647 1.783418 43.088711 -10.000000 2.599873 
4 2 Car -1.000000 -1 -1.044365 279.947484 172.686405 328.360167 195.451508 1.595054 1.659722 4.031461 -22.930219 1.740156 54.205573 -10.000000 2.474572 
5 0 Car -1.000000 -1 -4.425603 572.134013 169.944039 612.867448 208.919258 1.468943 1.727451 3.928280 -0.721217 1.383228 28.246636 -10.000000 3.188494 
5 1 Car -1.000000 -1 -5.812712 165.123608 166.940063 239.389941 202.729637 1.595054 1.659722 4.031461 -23.346338 1.786181 41.400531 -10.000000 3.348543 
5 2 Car -1.000000 -1 -2.030893 269.933786 170.846263 319.755214 195.218456 1.595054 1.659722 4.031461 -22.945493 1.650581 52.723378 -10.000000 3.173552 
6 0 Car -1.000000 -1 -4.750436 573.926556 169.630878 612.380510 210.861675 1.484856 1.721371 3.945294 -0.645539 1.520824 27.702785 -10.000000 3.906449 
6 1 Car -1.000000 -1 -1.865532 147.268312 168.302865 223.216942 203.646412 1.595054 1.659722 4.031461 -23.261173 1.716644 39.597056 -10.000000 4.013095 
6 2 Car -1.000000 -1 -1.522998 258.744206 170.428079 307.397964 196.681423 1.595054 1.659722 4.031461 -22.814197 1.651105 50.375650 -10.000000 3.899002 
7 0 Car -1.000000 -1 -4.708019 574.966728 171.164400 612.383505 213.080965 1.447737 1.746679 3.856055 -0.768752 1.588432 28.418672 -10.000000 4.614282 
7 1 Car -1.000000 -1 -5.600544 121.713262 169.360772 208.086172 205.662963 1.595054 1.659722 4.031461 -23.489763 1.818793 38.134330 -10.000000 4.678794 
7 2 Car -1.000000 -1 -4.934535 246.436060 171.907376 298.042686 198.826387 1.595054 1.659722 4.031461 -22.776483 1.789051 48.743601 -10.000000 4.612455 
8 0 Car -1.000000 -1 -4.641917 575.558962 172.424067 613.239490 215.042532 1.464669 1.738722 3.880100 -0.596446 1.567580 27.243638 -10.000000 5.286196 
8 1 Car -1.000000 -1 -5.204008 95.145309 169.994120 191.477664 208.165173 1.595054 1.659722 4.031461 -24.110791 2.043275 37.415045 -10.000000 5.332063 
8 2 Car -1.000000 -1 -5.451415 231.373094 173.204929 288.220221 200.823697 1.595054 1.659722 4.031461 -23.109025 1.998039 47.708293 -10.000000 5.319154 
9 0 Car -1.000000 -1 -4.782643 574.066168 172.800174 613.281514 215.751490 1.432041 1.778830 3.788741 -0.698575 1.646850 28.190189 -10.000000 5.827143 
9 1 Car -1.000000 -1 -5.678576 66.571088 170.959381 167.359210 210.481664 1.595054 1.659722 4.031461 -24.415373 1.919764 35.745466 -10.000000 5.965291 
9 2 Car -1.000000 -1 -5.338672 215.299483 173.647921 277.793112 202.855387 1.595054 1.659722 4.031461 -23.062830 1.905187 45.839429 -10.000000 5.983545 
10 0 Car -1.000000 -1 -4.722036 572.674086 174.047586 614.457585 215.157413 1.413032 1.829538 3.658385 -0.778624 1.764293 29.039278 -10.000000 6.437721 
10 1 Car -1.000000 -1 -5.411093 28.795075 170.917754 138.175709 214.624485 1.595054 1.659722 4.031461 -24.700726 1.998881 33.862265 -10.000000 6.545182 
10 2 Car -1.000000 -1 -5.176672 198.474308 174.701338 263.781454 205.855849 1.595054 1.659722 4.031461 -23.082198 2.032612 44.003901 -10.000000 6.664322 
11 0 Car -1.000000 -1 -4.751374 572.971367 173.877994 615.815690 215.903960 1.401011 1.860810 3.437601 -0.764043 1.800856 29.839502 -10.000000 7.009579 
11 1 Car -1.000000 -1 -1.564861 0.000000 170.748487 111.824486 218.338957 1.595054 1.659722 4.031461 -24.314649 1.977056 31.645164 -10.000000 7.102795 
11 2 Car -1.000000 -1 -5.531967 179.101404 174.646744 246.896680 206.538546 1.595054 1.659722 4.031461 -23.434599 2.035557 42.624321 -10.000000 7.294999 
11 3 Car -1.000000 -1 -2.330723 367.999975 175.000012 397.999988 193.999988 1.595054 1.659722 4.031461 -24.287979 2.244501 77.069157 -10.000000 0.191711 
12 0 Car -1.000000 -1 -4.742765 572.225485 173.349122 615.833527 214.968533 1.384962 1.945620 3.329264 -0.709926 1.749876 30.509935 -10.000000 7.627922 
12 1 Car -1.000000 -1 -5.292296 0.000000 173.922547 74.613421 221.486223 1.595054 1.659722 4.031461 -24.596065 2.182779 30.708293 -10.000000 7.490670 
12 2 Car -1.000000 -1 -5.258579 156.266596 175.455690 233.903938 208.069808 1.595054 1.659722 4.031461 -23.936895 2.214656 41.672444 -10.000000 7.833054 
13 0 Car -1.000000 -1 -4.718596 574.539911 173.430023 615.977935 213.881372 1.406388 1.918809 3.405636 -0.620829 1.700967 30.197045 -10.000000 8.201374 
13 2 Car -1.000000 -1 -5.492039 133.177957 175.274716 214.235519 209.481213 1.595054 1.659722 4.031461 -24.172095 2.077532 39.986549 -10.000000 8.431732 
13 3 Car -1.000000 -1 -1.854380 357.999997 175.999981 381.000078 194.000006 1.595054 1.659722 4.031461 -24.214206 2.142014 72.810745 -10.000000 0.768511 
14 0 Car -1.000000 -1 -4.697907 575.189035 173.523606 616.001120 213.581403 1.399165 1.985645 3.332584 -0.479884 1.756653 30.597607 -10.000000 8.790940 
14 2 Car -1.000000 -1 -4.281701 107.883981 173.931563 195.798683 211.341708 1.595054 1.659722 4.031461 -23.599984 1.927007 37.190038 -10.000000 8.964361 
14 3 Car -1.000000 -1 -4.956958 348.491151 174.444157 380.366746 192.936553 1.595054 1.659722 4.031461 -24.399137 2.057482 71.889268 -10.000000 1.313624 
15 0 Car -1.000000 -1 -4.759745 573.325181 174.247525 618.068723 212.999057 1.391404 1.987002 3.370850 -0.609134 1.737195 31.008469 -10.000000 9.294772 
15 2 Car -1.000000 -1 -5.573142 78.424116 171.673414 176.180258 210.469800 1.595054 1.659722 4.031461 -23.803991 1.860788 35.601498 -10.000000 9.495070 
15 3 Car -1.000000 -1 -1.823308 341.971657 174.716127 377.671189 193.762263 1.595054 1.659722 4.031461 -23.965311 1.963123 69.128542 -10.000000 2.039628 
1 0 Car -1.000000 -1 -4.766487 572.000012 172.000050 610.999963 209.000050 1.516672 1.704169 3.973352 -0.868426 1.641701 30.635927 -10.000000 0.315358 
1 1 Car -1.000000 -1 -5.147637 243.999988 173.999988 297.000012 202.000000 1.595054 1.659722 4.031461 -23.927070 2.170404 50.895671 -10.000000 0.466133 
1 2 Car -1.000000 -1 -5.040907 313.999963 175.000000 352.999925 196.000012 1.595054 1.659722 4.031461 -23.446527 2.149186 61.047489 -10.000000 0.337966 
2 0 Car -1.000000 -1 -4.766487 570.000025 172.000000 611.000025 209.999950 1.474455 1.725873 3.840094 -0.931213 1.713719 30.852488 -10.000000 1.148397 
2 1 Car -1.000000 -1 -5.147637 223.000475 172.000125 282.000125 203.999900 1.595054 1.659722 4.031461 -23.211638 1.967543 47.052822 -10.000000 1.184722 
2 2 Car -1.000000 -1 -5.040907 305.000125 174.000100 343.000250 196.999975 1.595054 1.659722 4.031461 -23.399233 1.984047 59.185608 -10.000000 1.095642 
3 0 Car -1.000000 -1 -4.746837 569.154347 168.617341 609.308697 207.617313 1.493746 1.720212 3.892375 -0.868948 1.483438 30.174235 -10.000000 1.851349 
3 1 Car -1.000000 -1 -5.150772 206.688405 169.961489 270.996876 202.655876 1.595054 1.659722 4.031461 -23.189385 1.836416 45.234673 -10.000000 1.894070 
3 2 Car -1.000000 -1 -5.021296 291.733177 172.652798 339.495366 196.038568 1.595054 1.659722 4.031461 -22.911950 1.745278 56.293816 -10.000000 1.773433 
4 0 Car -1.000000 -1 -4.775452 568.906038 169.705259 611.761988 207.230309 1.449362 1.734038 3.904476 -0.964580 1.567696 30.590861 -10.000000 2.512614 
4 1 Car -1.000000 -1 -1.870576 187.323882 168.548493 258.510888 202.338126 1.595054 1.659722 4.031461 -23.061647 1.783418 43.088711 -10.000000 2.599873 
4 2 Car -1.000000 -1 -1.044365 279.947484 172.686405 328.360167 195.451508 1.595054 1.659722 4.031461 -22.930219 1.740156 54.205573 -10.000000 2.474572 
5 0 Car -1.000000 -1 -4.425603 572.134013 169.944039 612.867448 208.919258 1.468943 1.727451 3.928280 -0.721217 1.383228 28.246636 -10.000000 3.188494 
5 1 Car -1.000000 -1 -5.812712 165.123608 166.940063 239.389941 202.729637 1.595054 1.659722 4.031461 -23.346338 1.786181 41.400531 -10.000000 3.348543 
5 2 Car -1.000000 -1 -2.030893 269.933786 170.846263 319.755214 195.218456 1.595054 1.659722 4.031461 -22.945493 1.650581 52.723378 -10.000000 3.173552 
6 0 Car -1.000000 -1 -4.750436 573.926556 169.630878 612.380510 210.861675 1.484856 1.721371 3.945294 -0.645539 1.520824 27.702785 -10.000000 3.906449 
6 1 Car -1.000000 -1 -1.865532 147.268312 168.302865 223.216942 203.646412 1.595054 1.659722 4.031461 -23.261173 1.716644 39.597056 -10.000000 4.013095 
6 2 Car -1.000000 -1 -1.522998 258.744206 170.428079 307.397964 196.681423 1.595054 1.659722 4.031461 -22.814197 1.651105 50.375650 -10.000000 3.899002 
7 0 Car -1.000000 -1 -4.708019 574.966728 171.164400 612.383505 213.080965 1.447737 1.746679 3.856055 -0.768752 1.588432 28.418672 -10.000000 4.614282 
7 1 Car -1.000000 -1 -5.600544 121.713262 169.360772 208.086172 205.662963 1.595054 1.659722 4.031461 -23.489763 1.818793 38.134330 -10.000000 4.678794 
7 2 Car -1.000000 -1 -4.934535 246.436060 171.907376 298.042686 198.826387 1.595054 1.659722 4.031461 -22.776483 1.789051 48.743601 -10.000000 4.612455 
8 0 Car -1.000000 -1 -4.641917 575.558962 172.424067 613.239490 215.042532 1.464669 1.738722 3.880100 -0.596446 1.567580 27.243638 -10.000000 5.286196 
8 1 Car -1.000000 -1 -5.204008 95.145309 169.994120 191.477664 208.165173 1.595054 1.659722 4.031461 -24.110791 2.043275 37.415045 -10.000000 5.332063 
8 2 Car -1.000000 -1 -5.451415 231.373094 173.204929 288.220221 200.823697 1.595054 1.659722 4.031461 -23.109025 1.998039 47.708293 -10.000000 5.319154 
9 0 Car -1.000000 -1 -4.782643 574.066168 172.800174 613.281514 215.751490 1.432041 1.778830 3.788741 -0.698575 1.646850 28.190189 -10.000000 5.827143 
9 1 Car -1.000000 -1 -5.678576 66.571088 170.959381 167.359210 210.481664 1.595054 1.659722 4.031461 -24.415373 1.919764 35.745466 -10.000000 5.965291 
9 2 Car -1.000000 -1 -5.338672 215.299483 173.647921 277.793112 202.855387 1.595054 1.659722 4.031461 -23.062830 1.905187 45.839429 -10.000000 5.983545 
10 0 Car -1.000000 -1 -4.722036 572.674086 174.047586 614.457585 215.157413 1.413032 1.829538 3.658385 -0.778624 1.764293 29.039278 -10.000000 6.437721 
10 1 Car -1.000000 -1 -5.411093 28.795075 170.917754 138.175709 214.624485 1.595054 1.659722 4.031461 -24.700726 1.998881 33.862265 -10.000000 6.545182 
10 2 Car -1.000000 -1 -5.176672 198.474308 174.701338 263.781454 205.855849 1.595054 1.659722 4.031461 -23.082198 2.032612 44.003901 -10.000000 6.664322 
11 0 Car -1.000000 -1 -4.751374 572.971367 173.877994 615.815690 215.903960 1.401011 1.860810 3.437601 -0.764043 1.800856 29.839502 -10.000000 7.009579 
11 1 Car -1.000000 -1 -1.564861 0.000000 170.748487 111.824486 218.338957 1.595054 1.659722 4.031461 -24.314649 1.977056 31.645164 -10.000000 7.102795 
11 2 Car -1.000000 -1 -5.531967 179.101404 174.646744 246.896680 206.538546 1.595054 1.659722 4.031461 -23.434599 2.035557 42.624321 -10.000000 7.294999 
11 3 Car -1.000000 -1 -2.330723 367.999975 175.000012 397.999988 193.999988 1.595054 1.659722 4.031461 -24.287979 2.244501 77.069157 -10.000000 0.191711 
12 0 Car -1.000000 -1 -4.742765 572.225485 173.349122 615.833527 214.968533 1.384962 1.945620 3.329264 -0.709926 1.749876 30.509935 -10.000000 7.627922 
12 1 Car -1.000000 -1 -5.292296 0.000000 173.922547 74.613421 221.486223 1.595054 1.659722 4.031461 -24.596065 2.182779 30.708293 -10.000000 7.490670 
12 2 Car -1.000000 -1 -5.258579 156.266596 175.455690 233.903938 208.069808 1.595054 1.659722 4.031461 -23.936895 2.214656 41.672444 -10.000000 7.833054 
13 0 Car -1.000000 -1 -4.718596 574.539911 173.430023 615.977935 213.881372 1.406388 1.918809 3.405636 -0.620829 1.700967 30.197045 -10.000000 8.201374 
13 2 Car -1.000000 -1 -5.492039 133.177957 175.274716 214.235519 209.481213 1.595054 1.659722 4.031461 -24.172095 2.077532 39.986549 -10.000000 8.431732 
13 3 Car -1.000000 -1 -1.854380 357.999997 175.999981 381.000078 194.000006 1.595054 1.659722 4.031461 -24.214206 2.142014 72.810745 -10.000000 0.768511 
14 0 Car -1.000000 -1 -4.697907 575.189035 173.523606 616.001120 213.581403 1.399165 1.985645 3.332584 -0.479884 1.756653 30.597607 -10.000000 8.790940 
14 2 Car -1.000000 -1 -4.281701 107.883981 173.931563 195.798683 211.341708 1.595054 1.659722 4.031461 -23.599984 1.927007 37.190038 -10.000000 8.964361 
14 3 Car -1.000000 -1 -4.956958 348.491151 174.444157 380.366746 192.936553 1.595054 1.659722 4.031461 -24.399137 2.057482 71.889268 -10.000000 1.313624 
15 0 Car -1.000000 -1 -4.759745 573.325181 174.247525 618.068723 212.999057 1.391404 1.987002 3.370850 -0.609134 1.737195 31.008469 -10.000000 9.294772 
15 2 Car -1.000000 -1 -5.573142 78.424116 171.673414 176.180258 210.469800 1.595054 1.659722 4.031461 -23.803991 1.860788 35.601498 -10.000000 9.495070 
15 3 Car -1.000000 -1 -1.823308 341.971657 174.716127 377.671189 193.762263 1.595054 1.659722 4.031461 -23.965311 1.963123 69.128542 -10.000000 2.039628 
1 0 Car -1.000000 -1 -4.766487 572.000012 172.000050 610.999963 209.000050 1.516672 1.704169 3.973352 -0.868426 1.641701 30.635927 -10.000000 0.315358 
1 1 Car -1.000000 -1 -5.147637 243.999988 173.999988 297.000012 202.000000 1.595054 1.659722 4.031461 -23.927070 2.170404 50.895671 -10.000000 0.466133 
1 2 Car -1.000000 -1 -5.040907 313.999963 175.000000 352.999925 196.000012 1.595054 1.659722 4.031461 -23.446527 2.149186 61.047489 -10.000000 0.337966 
2 0 Car -1.000000 -1 -4.766487 570.000025 172.000000 611.000025 209.999950 1.474455 1.725873 3.840094 -0.931213 1.713719 30.852488 -10.000000 1.148397 
2 1 Car -1.000000 -1 -5.147637 223.000475 172.000125 282.000125 203.999900 1.595054 1.659722 4.031461 -23.211638 1.967543 47.052822 -10.000000 1.184722 
2 2 Car -1.000000 -1 -5.040907 305.000125 174.000100 343.000250 196.999975 1.595054 1.659722 4.031461 -23.399233 1.984047 59.185608 -10.000000 1.095642 
3 0 Car -1.000000 -1 -4.746837 569.154347 168.617341 609.308697 207.617313 1.493746 1.720212 3.892375 -0.868948 1.483438 30.174235 -10.000000 1.851349 
3 1 Car -1.000000 -1 -5.150772 206.688405 169.961489 270.996876 202.655876 1.595054 1.659722 4.031461 -23.189385 1.836416 45.234673 -10.000000 1.894070 
3 2 Car -1.000000 -1 -5.021296 291.733177 172.652798 339.495366 196.038568 1.595054 1.659722 4.031461 -22.911950 1.745278 56.293816 -10.000000 1.773433 
4 0 Car -1.000000 -1 -4.775452 568.906038 169.705259 611.761988 207.230309 1.449362 1.734038 3.904476 -0.964580 1.567696 30.590861 -10.000000 2.512614 
4 1 Car -1.000000 -1 -1.870576 187.323882 168.548493 258.510888 202.338126 1.595054 1.659722 4.031461 -23.061647 1.783418 43.088711 -10.000000 2.599873 
4 2 Car -1.000000 -1 -1.044365 279.947484 172.686405 328.360167 195.451508 1.595054 1.659722 4.031461 -22.930219 1.740156 54.205573 -10.000000 2.474572 
5 0 Car -1.000000 -1 -4.425603 572.134013 169.944039 612.867448 208.919258 1.468943 1.727451 3.928280 -0.721217 1.383228 28.246636 -10.000000 3.188494 
5 1 Car -1.000000 -1 -5.812712 165.123608 166.940063 239.389941 202.729637 1.595054 1.659722 4.031461 -23.346338 1.786181 41.400531 -10.000000 3.348543 
5 2 Car -1.000000 -1 -2.030893 269.933786 170.846263 319.755214 195.218456 1.595054 1.659722 4.031461 -22.945493 1.650581 52.723378 -10.000000 3.173552 
6 0 Car -1.000000 -1 -4.750436 573.926556 169.630878 612.380510 210.861675 1.484856 1.721371 3.945294 -0.645539 1.520824 27.702785 -10.000000 3.906449 
6 1 Car -1.000000 -1 -1.865532 147.268312 168.302865 223.216942 203.646412 1.595054 1.659722 4.031461 -23.261173 1.716644 39.597056 -10.000000 4.013095 
6 2 Car -1.000000 -1 -1.522998 258.744206 170.428079 307.397964 196.681423 1.595054 1.659722 4.031461 -22.814197 1.651105 50.375650 -10.000000 3.899002 
7 0 Car -1.000000 -1 -4.708019 574.966728 171.164400 612.383505 213.080965 1.447737 1.746679 3.856055 -0.768752 1.588432 28.418672 -10.000000 4.614282 
7 1 Car -1.000000 -1 -5.600544 121.713262 169.360772 208.086172 205.662963 1.595054 1.659722 4.031461 -23.489763 1.818793 38.134330 -10.000000 4.678794 
7 2 Car -1.000000 -1 -4.934535 246.436060 171.907376 298.042686 198.826387 1.595054 1.659722 4.031461 -22.776483 1.789051 48.743601 -10.000000 4.612455 
8 0 Car -1.000000 -1 -4.641917 575.558962 172.424067 613.239490 215.042532 1.464669 1.738722 3.880100 -0.596446 1.567580 27.243638 -10.000000 5.286196 
8 1 Car -1.000000 -1 -5.204008 95.145309 169.994120 191.477664 208.165173 1.595054 1.659722 4.031461 -24.110791 2.043275 37.415045 -10.000000 5.332063 
8 2 Car -1.000000 -1 -5.451415 231.373094 173.204929 288.220221 200.823697 1.595054 1.659722 4.031461 -23.109025 1.998039 47.708293 -10.000000 5.319154 
9 0 Car -1.000000 -1 -4.782643 574.066168 172.800174 613.281514 215.751490 1.432041 1.778830 3.788741 -0.698575 1.646850 28.190189 -10.000000 5.827143 
9 1 Car -1.000000 -1 -5.678576 66.571088 170.959381 167.359210 210.481664 1.595054 1.659722 4.031461 -24.415373 1.919764 35.745466 -10.000000 5.965291 
9 2 Car -1.000000 -1 -5.338672 215.299483 173.647921 277.793112 202.855387 1.595054 1.659722 4.031461 -23.062830 1.905187 45.839429 -10.000000 5.983545 
10 0 Car -1.000000 -1 -4.722036 572.674086 174.047586 614.457585 215.157413 1.413032 1.829538 3.658385 -0.778624 1.764293 29.039278 -10.000000 6.437721 
10 1 Car -1.000000 -1 -5.411093 28.795075 170.917754 138.175709 214.624485 1.595054 1.659722 4.031461 -24.700726 1.998881 33.862265 -10.000000 6.545182 
10 2 Car -1.000000 -1 -5.176672 198.474308 174.701338 263.781454 205.855849 1.595054 1.659722 4.031461 -23.082198 2.032612 44.003901 -10.000000 6.664322 
11 0 Car -1.000000 -1 -4.751374 572.971367 173.877994 615.815690 215.903960 1.401011 1.860810 3.437601 -0.764043 1.800856 29.839502 -10.000000 7.009579 
11 1 Car -1.000000 -1 -1.564861 0.000000 170.748487 111.824486 218.338957 1.595054 1.659722 4.031461 -24.314649 1.977056 31.645164 -10.000000 7.102795 
11 2 Car -1.000000 -1 -5.531967 179.101404 174.646744 246.896680 206.538546 1.595054 1.659722 4.031461 -23.434599 2.035557 42.624321 -10.000000 7.294999 
11 3 Car -1.000000 -1 -2.330723 367.999975 175.000012 397.999988 193.999988 1.595054 1.659722 4.031461 -24.287979 2.244501 77.069157 -10.000000 0.191711 
12 0 Car -1.000000 -1 -4.742765 572.225485 173.349122 615.833527 214.968533 1.384962 1.945620 3.329264 -0.709926 1.749876 30.509935 -10.000000 7.627922 
12 1 Car -1.000000 -1 -5.292296 0.000000 173.922547 74.613421 221.486223 1.595054 1.659722 4.031461 -24.596065 2.182779 30.708293 -10.000000 7.490670 
12 2 Car -1.000000 -1 -5.258579 156.266596 175.455690 233.903938 208.069808 1.595054 1.659722 4.031461 -23.936895 2.214656 41.672444 -10.000000 7.833054 
13 0 Car -1.000000 -1 -4.718596 574.539911 173.430023 615.977935 213.881372 1.406388 1.918809 3.405636 -0.620829 1.700967 30.197045 -10.000000 8.201374 
13 2 Car -1.000000 -1 -5.492039 133.177957 175.274716 214.235519 209.481213 1.595054 1.659722 4.031461 -24.172095 2.077532 39.986549 -10.000000 8.431732 
13 3 Car -1.000000 -1 -1.854380 357.999997 175.999981 381.000078 194.000006 1.595054 1.659722 4.031461 -24.214206 2.142014 72.810745 -10.000000 0.768511 
14 0 Car -1.000000 -1 -4.697907 575.189035 173.523606 616.001120 213.581403 1.399165 1.985645 3.332584 -0.479884 1.756653 30.597607 -10.000000 8.790940 
14 2 Car -1.000000 -1 -4.281701 107.883981 173.931563 195.798683 211.341708 1.595054 1.659722 4.031461 -23.599984 1.927007 37.190038 -10.000000 8.964361 
14 3 Car -1.000000 -1 -4.956958 348.491151 174.444157 380.366746 192.936553 1.595054 1.659722 4.031461 -24.399137 2.057482 71.889268 -10.000000 1.313624 
15 0 Car -1.000000 -1 -4.759745 573.325181 174.247525 618.068723 212.999057 1.391404 1.987002 3.370850 -0.609134 1.737195 31.008469 -10.000000 9.294772 
15 2 Car -1.000000 -1 -5.573142 78.424116 171.673414 176.180258 210.469800 1.595054 1.659722 4.031461 -23.803991 1.860788 35.601498 -10.000000 9.495070 
15 3 Car -1.000000 -1 -1.823308 341.971657 174.716127 377.671189 193.762263 1.595054 1.659722 4.031461 -23.965311 1.963123 69.128542 -10.000000 2.039628 
1 0 Car -1.000000 -1 -4.766487 572.000012 172.000050 610.999963 209.000050 1.516672 1.704169 3.973352 -0.868426 1.641701 30.635927 -10.000000 0.315358 
1 1 Car -1.000000 -1 -5.147637 243.999988 173.999988 297.000012 202.000000 1.595054 1.659722 4.031461 -23.927070 2.170404 50.895671 -10.000000 0.466133 
1 2 Car -1.000000 -1 -5.040907 313.999963 175.000000 352.999925 196.000012 1.595054 1.659722 4.031461 -23.446527 2.149186 61.047489 -10.000000 0.337966 
2 0 Car -1.000000 -1 -4.766487 570.000025 172.000000 611.000025 209.999950 1.474455 1.725873 3.840094 -0.931213 1.713719 30.852488 -10.000000 1.148397 
2 1 Car -1.000000 -1 -5.147637 223.000475 172.000125 282.000125 203.999900 1.595054 1.659722 4.031461 -23.211638 1.967543 47.052822 -10.000000 1.184722 
2 2 Car -1.000000 -1 -5.040907 305.000125 174.000100 343.000250 196.999975 1.595054 1.659722 4.031461 -23.399233 1.984047 59.185608 -10.000000 1.095642 
3 0 Car -1.000000 -1 -4.746837 569.154347 168.617341 609.308697 207.617313 1.493746 1.720212 3.892375 -0.868948 1.483438 30.174235 -10.000000 1.851349 
3 1 Car -1.000000 -1 -5.150772 206.688405 169.961489 270.996876 202.655876 1.595054 1.659722 4.031461 -23.189385 1.836416 45.234673 -10.000000 1.894070 
3 2 Car -1.000000 -1 -5.021296 291.733177 172.652798 339.495366 196.038568 1.595054 1.659722 4.031461 -22.911950 1.745278 56.293816 -10.000000 1.773433 
4 0 Car -1.000000 -1 -4.775452 568.906038 169.705259 611.761988 207.230309 1.449362 1.734038 3.904476 -0.964580 1.567696 30.590861 -10.000000 2.512614 
4 1 Car -1.000000 -1 -1.870576 187.323882 168.548493 258.510888 202.338126 1.595054 1.659722 4.031461 -23.061647 1.783418 43.088711 -10.000000 2.599873 
4 2 Car -1.000000 -1 -1.044365 279.947484 172.686405 328.360167 195.451508 1.595054 1.659722 4.031461 -22.930219 1.740156 54.205573 -10.000000 2.474572 
5 0 Car -1.000000 -1 -4.425603 572.134013 169.944039 612.867448 208.919258 1.468943 1.727451 3.928280 -0.721217 1.383228 28.246636 -10.000000 3.188494 
5 1 Car -1.000000 -1 -5.812712 165.123608 166.940063 239.389941 202.729637 1.595054 1.659722 4.031461 -23.346338 1.786181 41.400531 -10.000000 3.348543 
5 2 Car -1.000000 -1 -2.030893 269.933786 170.846263 319.755214 195.218456 1.595054 1.659722 4.031461 -22.945493 1.650581 52.723378 -10.000000 3.173552 
6 0 Car -1.000000 -1 -4.750436 573.926556 169.630878 612.380510 210.861675 1.484856 1.721371 3.945294 -0.645539 1.520824 27.702785 -10.000000 3.906449 
6 1 Car -1.000000 -1 -1.865532 147.268312 168.302865 223.216942 203.646412 1.595054 1.659722 4.031461 -23.261173 1.716644 39.597056 -10.000000 4.013095 
6 2 Car -1.000000 -1 -1.522998 258.744206 170.428079 307.397964 196.681423 1.595054 1.659722 4.031461 -22.814197 1.651105 50.375650 -10.000000 3.899002 
7 0 Car -1.000000 -1 -4.708019 574.966728 171.164400 612.383505 213.080965 1.447737 1.746679 3.856055 -0.768752 1.588432 28.418672 -10.000000 4.614282 
7 1 Car -1.000000 -1 -5.600544 121.713262 169.360772 208.086172 205.662963 1.595054 1.659722 4.031461 -23.489763 1.818793 38.134330 -10.000000 4.678794 
7 2 Car -1.000000 -1 -4.934535 246.436060 171.907376 298.042686 198.826387 1.595054 1.659722 4.031461 -22.776483 1.789051 48.743601 -10.000000 4.612455 
8 0 Car -1.000000 -1 -4.641917 575.558962 172.424067 613.239490 215.042532 1.464669 1.738722 3.880100 -0.596446 1.567580 27.243638 -10.000000 5.286196 
8 1 Car -1.000000 -1 -5.204008 95.145309 169.994120 191.477664 208.165173 1.595054 1.659722 4.031461 -24.110791 2.043275 37.415045 -10.000000 5.332063 
8 2 Car -1.000000 -1 -5.451415 231.373094 173.204929 288.220221 200.823697 1.595054 1.659722 4.031461 -23.109025 1.998039 47.708293 -10.000000 5.319154 
9 0 Car -1.000000 -1 -4.782643 574.066168 172.800174 613.281514 215.751490 1.432041 1.778830 3.788741 -0.698575 1.646850 28.190189 -10.000000 5.827143 
9 1 Car -1.000000 -1 -5.678576 66.571088 170.959381 167.359210 210.481664 1.595054 1.659722 4.031461 -24.415373 1.919764 35.745466 -10.000000 5.965291 
9 2 Car -1.000000 -1 -5.338672 215.299483 173.647921 277.793112 202.855387 1.595054 1.659722 4.031461 -23.062830 1.905187 45.839429 -10.000000 5.983545 
10 0 Car -1.000000 -1 -4.722036 572.674086 174.047586 614.457585 215.157413 1.413032 1.829538 3.658385 -0.778624 1.764293 29.039278 -10.000000 6.437721 
10 1 Car -1.000000 -1 -5.411093 28.795075 170.917754 138.175709 214.624485 1.595054 1.659722 4.031461 -24.700726 1.998881 33.862265 -10.000000 6.545182 
10 2 Car -1.000000 -1 -5.176672 198.474308 174.701338 263.781454 205.855849 1.595054 1.659722 4.031461 -23.082198 2.032612 44.003901 -10.000000 6.664322 
11 0 Car -1.000000 -1 -4.751374 572.971367 173.877994 615.815690 215.903960 1.401011 1.860810 3.437601 -0.764043 1.800856 29.839502 -10.000000 7.009579 
11 1 Car -1.000000 -1 -1.564861 0.000000 170.748487 111.824486 218.338957 1.595054 1.659722 4.031461 -24.314649 1.977056 31.645164 -10.000000 7.102795 
11 2 Car -1.000000 -1 -5.531967 179.101404 174.646744 246.896680 206.538546 1.595054 1.659722 4.031461 -23.434599 2.035557 42.624321 -10.000000 7.294999 
11 3 Car -1.000000 -1 -2.330723 367.999975 175.000012 397.999988 193.999988 1.595054 1.659722 4.031461 -24.287979 2.244501 77.069157 -10.000000 0.191711 
12 0 Car -1.000000 -1 -4.742765 572.225485 173.349122 615.833527 214.968533 1.384962 1.945620 3.329264 -0.709926 1.749876 30.509935 -10.000000 7.627922 
12 1 Car -1.000000 -1 -5.292296 0.000000 173.922547 74.613421 221.486223 1.595054 1.659722 4.031461 -24.596065 2.182779 30.708293 -10.000000 7.490670 
12 2 Car -1.000000 -1 -5.258579 156.266596 175.455690 233.903938 208.069808 1.595054 1.659722 4.031461 -23.936895 2.214656 41.672444 -10.000000 7.833054 
13 0 Car -1.000000 -1 -4.718596 574.539911 173.430023 615.977935 213.881372 1.406388 1.918809 3.405636 -0.620829 1.700967 30.197045 -10.000000 8.201374 
13 2 Car -1.000000 -1 -5.492039 133.177957 175.274716 214.235519 209.481213 1.595054 1.659722 4.031461 -24.172095 2.077532 39.986549 -10.000000 8.431732 
13 3 Car -1.000000 -1 -1.854380 357.999997 175.999981 381.000078 194.000006 1.595054 1.659722 4.031461 -24.214206 2.142014 72.810745 -10.000000 0.768511 
14 0 Car -1.000000 -1 -4.697907 575.189035 173.523606 616.001120 213.581403 1.399165 1.985645 3.332584 -0.479884 1.756653 30.597607 -10.000000 8.790940 
14 2 Car -1.000000 -1 -4.281701 107.883981 173.931563 195.798683 211.341708 1.595054 1.659722 4.031461 -23.599984 1.927007 37.190038 -10.000000 8.964361 
14 3 Car -1.000000 -1 -4.956958 348.491151 174.444157 380.366746 192.936553 1.595054 1.659722 4.031461 -24.399137 2.057482 71.889268 -10.000000 1.313624 
15 0 Car -1.000000 -1 -4.759745 573.325181 174.247525 618.068723 212.999057 1.391404 1.987002 3.370850 -0.609134 1.737195 31.008469 -10.000000 9.294772 
15 2 Car -1.000000 -1 -5.573142 78.424116 171.673414 176.180258 210.469800 1.595054 1.659722 4.031461 -23.803991 1.860788 35.601498 -10.000000 9.495070 
15 3 Car -1.000000 -1 -1.823308 341.971657 174.716127 377.671189 193.762263 1.595054 1.659722 4.031461 -23.965311 1.963123 69.128542 -10.000000 2.039628 
1 0 Car -1.000000 -1 -4.766487 572.000012 172.000050 610.999963 209.000050 1.516672 1.704169 3.973352 -0.868426 1.641701 30.635927 -10.000000 0.315358 
1 1 Car -1.000000 -1 -5.147637 243.999988 173.999988 297.000012 202.000000 1.595054 1.659722 4.031461 -23.927070 2.170404 50.895671 -10.000000 0.466133 
1 2 Car -1.000000 -1 -5.040907 313.999963 175.000000 352.999925 196.000012 1.595054 1.659722 4.031461 -23.446527 2.149186 61.047489 -10.000000 0.337966 
2 0 Car -1.000000 -1 -4.766487 570.000025 172.000000 611.000025 209.999950 1.474455 1.725873 3.840094 -0.931213 1.713719 30.852488 -10.000000 1.148397 
2 1 Car -1.000000 -1 -5.147637 223.000475 172.000125 282.000125 203.999900 1.595054 1.659722 4.031461 -23.211638 1.967543 47.052822 -10.000000 1.184722 
2 2 Car -1.000000 -1 -5.040907 305.000125 174.000100 343.000250 196.999975 1.595054 1.659722 4.031461 -23.399233 1.984047 59.185608 -10.000000 1.095642 
3 0 Car -1.000000 -1 -4.746837 569.154347 168.617341 609.308697 207.617313 1.493746 1.720212 3.892375 -0.868948 1.483438 30.174235 -10.000000 1.851349 
3 1 Car -1.000000 -1 -5.150772 206.688405 169.961489 270.996876 202.655876 1.595054 1.659722 4.031461 -23.189385 1.836416 45.234673 -10.000000 1.894070 
3 2 Car -1.000000 -1 -5.021296 291.733177 172.652798 339.495366 196.038568 1.595054 1.659722 4.031461 -22.911950 1.745278 56.293816 -10.000000 1.773433 
4 0 Car -1.000000 -1 -4.775452 568.906038 169.705259 611.761988 207.230309 1.449362 1.734038 3.904476 -0.964580 1.567696 30.590861 -10.000000 2.512614 
4 1 Car -1.000000 -1 -1.870576 187.323882 168.548493 258.510888 202.338126 1.595054 1.659722 4.031461 -23.061647 1.783418 43.088711 -10.000000 2.599873 
4 2 Car -1.000000 -1 -1.044365 279.947484 172.686405 328.360167 195.451508 1.595054 1.659722 4.031461 -22.930219 1.740156 54.205573 -10.000000 2.474572 
5 0 Car -1.000000 -1 -4.425603 572.134013 169.944039 612.867448 208.919258 1.468943 1.727451 3.928280 -0.721217 1.383228 28.246636 -10.000000 3.188494 
5 1 Car -1.000000 -1 -5.812712 165.123608 166.940063 239.389941 202.729637 1.595054 1.659722 4.031461 -23.346338 1.786181 41.400531 -10.000000 3.348543 
5 2 Car -1.000000 -1 -2.030893 269.933786 170.846263 319.755214 195.218456 1.595054 1.659722 4.031461 -22.945493 1.650581 52.723378 -10.000000 3.173552 
6 0 Car -1.000000 -1 -4.750436 573.926556 169.630878 612.380510 210.861675 1.484856 1.721371 3.945294 -0.645539 1.520824 27.702785 -10.000000 3.906449 
6 1 Car -1.000000 -1 -1.865532 147.268312 168.302865 223.216942 203.646412 1.595054 1.659722 4.031461 -23.261173 1.716644 39.597056 -10.000000 4.013095 
6 2 Car -1.000000 -1 -1.522998 258.744206 170.428079 307.397964 196.681423 1.595054 1.659722 4.031461 -22.814197 1.651105 50.375650 -10.000000 3.899002 
7 0 Car -1.000000 -1 -4.708019 574.966728 171.164400 612.383505 213.080965 1.447737 1.746679 3.856055 -0.768752 1.588432 28.418672 -10.000000 4.614282 
7 1 Car -1.000000 -1 -5.600544 121.713262 169.360772 208.086172 205.662963 1.595054 1.659722 4.031461 -23.489763 1.818793 38.134330 -10.000000 4.678794 
7 2 Car -1.000000 -1 -4.934535 246.436060 171.907376 298.042686 198.826387 1.595054 1.659722 4.031461 -22.776483 1.789051 48.743601 -10.000000 4.612455 
8 0 Car -1.000000 -1 -4.641917 575.558962 172.424067 613.239490 215.042532 1.464669 1.738722 3.880100 -0.596446 1.567580 27.243638 -10.000000 5.286196 
8 1 Car -1.000000 -1 -5.204008 95.145309 169.994120 191.477664 208.165173 1.595054 1.659722 4.031461 -24.110791 2.043275 37.415045 -10.000000 5.332063 
8 2 Car -1.000000 -1 -5.451415 231.373094 173.204929 288.220221 200.823697 1.595054 1.659722 4.031461 -23.109025 1.998039 47.708293 -10.000000 5.319154 
9 0 Car -1.000000 -1 -4.782643 574.066168 172.800174 613.281514 215.751490 1.432041 1.778830 3.788741 -0.698575 1.646850 28.190189 -10.000000 5.827143 
9 1 Car -1.000000 -1 -5.678576 66.571088 170.959381 167.359210 210.481664 1.595054 1.659722 4.031461 -24.415373 1.919764 35.745466 -10.000000 5.965291 
9 2 Car -1.000000 -1 -5.338672 215.299483 173.647921 277.793112 202.855387 1.595054 1.659722 4.031461 -23.062830 1.905187 45.839429 -10.000000 5.983545 
10 0 Car -1.000000 -1 -4.722036 572.674086 174.047586 614.457585 215.157413 1.413032 1.829538 3.658385 -0.778624 1.764293 29.039278 -10.000000 6.437721 
10 1 Car -1.000000 -1 -5.411093 28.795075 170.917754 138.175709 214.624485 1.595054 1.659722 4.031461 -24.700726 1.998881 33.862265 -10.000000 6.545182 
10 2 Car -1.000000 -1 -5.176672 198.474308 174.701338 263.781454 205.855849 1.595054 1.659722 4.031461 -23.082198 2.032612 44.003901 -10.000000 6.664322 
11 0 Car -1.000000 -1 -4.751374 572.971367 173.877994 615.815690 215.903960 1.401011 1.860810 3.437601 -0.764043 1.800856 29.839502 -10.000000 7.009579 
11 1 Car -1.000000 -1 -1.564861 0.000000 170.748487 111.824486 218.338957 1.595054 1.659722 4.031461 -24.314649 1.977056 31.645164 -10.000000 7.102795 
11 2 Car -1.000000 -1 -5.531967 179.101404 174.646744 246.896680 206.538546 1.595054 1.659722 4.031461 -23.434599 2.035557 42.624321 -10.000000 7.294999 
11 3 Car -1.000000 -1 -2.330723 367.999975 175.000012 397.999988 193.999988 1.595054 1.659722 4.031461 -24.287979 2.244501 77.069157 -10.000000 0.191711 
12 0 Car -1.000000 -1 -4.742765 572.225485 173.349122 615.833527 214.968533 1.384962 1.945620 3.329264 -0.709926 1.749876 30.509935 -10.000000 7.627922 
12 1 Car -1.000000 -1 -5.292296 0.000000 173.922547 74.613421 221.486223 1.595054 1.659722 4.031461 -24.596065 2.182779 30.708293 -10.000000 7.490670 
12 2 Car -1.000000 -1 -5.258579 156.266596 175.455690 233.903938 208.069808 1.595054 1.659722 4.031461 -23.936895 2.214656 41.672444 -10.000000 7.833054 
13 0 Car -1.000000 -1 -4.718596 574.539911 173.430023 615.977935 213.881372 1.406388 1.918809 3.405636 -0.620829 1.700967 30.197045 -10.000000 8.201374 
13 2 Car -1.000000 -1 -5.492039 133.177957 175.274716 214.235519 209.481213 1.595054 1.659722 4.031461 -24.172095 2.077532 39.986549 -10.000000 8.431732 
13 3 Car -1.000000 -1 -1.854380 357.999997 175.999981 381.000078 194.000006 1.595054 1.659722 4.031461 -24.214206 2.142014 72.810745 -10.000000 0.768511 
14 0 Car -1.000000 -1 -4.697907 575.189035 173.523606 616.001120 213.581403 1.399165 1.985645 3.332584 -0.479884 1.756653 30.597607 -10.000000 8.790940 
14 2 Car -1.000000 -1 -4.281701 107.883981 173.931563 195.798683 211.341708 1.595054 1.659722 4.031461 -23.599984 1.927007 37.190038 -10.000000 8.964361 
14 3 Car -1.000000 -1 -4.956958 348.491151 174.444157 380.366746 192.936553 1.595054 1.659722 4.031461 -24.399137 2.057482 71.889268 -10.000000 1.313624 
15 0 Car -1.000000 -1 -4.759745 573.325181 174.247525 618.068723 212.999057 1.391404 1.987002 3.370850 -0.609134 1.737195 31.008469 -10.000000 9.294772 
15 2 Car -1.000000 -1 -5.573142 78.424116 171.673414 176.180258 210.469800 1.595054 1.659722 4.031461 -23.803991 1.860788 35.601498 -10.000000 9.495070 
15 3 Car -1.000000 -1 -1.823308 341.971657 174.716127 377.671189 193.762263 1.595054 1.659722 4.031461 -23.965311 1.963123 69.128542 -10.000000 2.039628 
1 0 Car -1.000000 -1 -4.766487 572.000012 172.000050 610.999963 209.000050 1.516672 1.704169 3.973352 -0.868426 1.641701 30.635927 -10.000000 0.315358 
1 1 Car -1.000000 -1 -5.147637 243.999988 173.999988 297.000012 202.000000 1.595054 1.659722 4.031461 -23.927070 2.170404 50.895671 -10.000000 0.466133 
1 2 Car -1.000000 -1 -5.040907 313.999963 175.000000 352.999925 196.000012 1.595054 1.659722 4.031461 -23.446527 2.149186 61.047489 -10.000000 0.337966 
2 0 Car -1.000000 -1 -4.766487 570.000025 172.000000 611.000025 209.999950 1.474455 1.725873 3.840094 -0.931213 1.713719 30.852488 -10.000000 1.148397 
2 1 Car -1.000000 -1 -5.147637 223.000475 172.000125 282.000125 203.999900 1.595054 1.659722 4.031461 -23.211638 1.967543 47.052822 -10.000000 1.184722 
2 2 Car -1.000000 -1 -5.040907 305.000125 174.000100 343.000250 196.999975 1.595054 1.659722 4.031461 -23.399233 1.984047 59.185608 -10.000000 1.095642 
3 0 Car -1.000000 -1 -4.746837 569.154347 168.617341 609.308697 207.617313 1.493746 1.720212 3.892375 -0.868948 1.483438 30.174235 -10.000000 1.851349 
3 1 Car -1.000000 -1 -5.150772 206.688405 169.961489 270.996876 202.655876 1.595054 1.659722 4.031461 -23.189385 1.836416 45.234673 -10.000000 1.894070 
3 2 Car -1.000000 -1 -5.021296 291.733177 172.652798 339.495366 196.038568 1.595054 1.659722 4.031461 -22.911950 1.745278 56.293816 -10.000000 1.773433 
4 0 Car -1.000000 -1 -4.775452 568.906038 169.705259 611.761988 207.230309 1.449362 1.734038 3.904476 -0.964580 1.567696 30.590861 -10.000000 2.512614 
4 1 Car -1.000000 -1 -1.870576 187.323882 168.548493 258.510888 202.338126 1.595054 1.659722 4.031461 -23.061647 1.783418 43.088711 -10.000000 2.599873 
4 2 Car -1.000000 -1 -1.044365 279.947484 172.686405 328.360167 195.451508 1.595054 1.659722 4.031461 -22.930219 1.740156 54.205573 -10.000000 2.474572 
5 0 Car -1.000000 -1 -4.425603 572.134013 169.944039 612.867448 208.919258 1.468943 1.727451 3.928280 -0.721217 1.383228 28.246636 -10.000000 3.188494 
5 1 Car -1.000000 -1 -5.812712 165.123608 166.940063 239.389941 202.729637 1.595054 1.659722 4.031461 -23.346338 1.786181 41.400531 -10.000000 3.348543 
5 2 Car -1.000000 -1 -2.030893 269.933786 170.846263 319.755214 195.218456 1.595054 1.659722 4.031461 -22.945493 1.650581 52.723378 -10.000000 3.173552 
6 0 Car -1.000000 -1 -4.750436 573.926556 169.630878 612.380510 210.861675 1.484856 1.721371 3.945294 -0.645539 1.520824 27.702785 -10.000000 3.906449 
6 1 Car -1.000000 -1 -1.865532 147.268312 168.302865 223.216942 203.646412 1.595054 1.659722 4.031461 -23.261173 1.716644 39.597056 -10.000000 4.013095 
6 2 Car -1.000000 -1 -1.522998 258.744206 170.428079 307.397964 196.681423 1.595054 1.659722 4.031461 -22.814197 1.651105 50.375650 -10.000000 3.899002 
7 0 Car -1.000000 -1 -4.708019 574.966728 171.164400 612.383505 213.080965 1.447737 1.746679 3.856055 -0.768752 1.588432 28.418672 -10.000000 4.614282 
7 1 Car -1.000000 -1 -5.600544 121.713262 169.360772 208.086172 205.662963 1.595054 1.659722 4.031461 -23.489763 1.818793 38.134330 -10.000000 4.678794 
7 2 Car -1.000000 -1 -4.934535 246.436060 171.907376 298.042686 198.826387 1.595054 1.659722 4.031461 -22.776483 1.789051 48.743601 -10.000000 4.612455 
8 0 Car -1.000000 -1 -4.641917 575.558962 172.424067 613.239490 215.042532 1.464669 1.738722 3.880100 -0.596446 1.567580 27.243638 -10.000000 5.286196 
8 1 Car -1.000000 -1 -5.204008 95.145309 169.994120 191.477664 208.165173 1.595054 1.659722 4.031461 -24.110791 2.043275 37.415045 -10.000000 5.332063 
8 2 Car -1.000000 -1 -5.451415 231.373094 173.204929 288.220221 200.823697 1.595054 1.659722 4.031461 -23.109025 1.998039 47.708293 -10.000000 5.319154 
9 0 Car -1.000000 -1 -4.782643 574.066168 172.800174 613.281514 215.751490 1.432041 1.778830 3.788741 -0.698575 1.646850 28.190189 -10.000000 5.827143 
9 1 Car -1.000000 -1 -5.678576 66.571088 170.959381 167.359210 210.481664 1.595054 1.659722 4.031461 -24.415373 1.919764 35.745466 -10.000000 5.965291 
9 2 Car -1.000000 -1 -5.338672 215.299483 173.647921 277.793112 202.855387 1.595054 1.659722 4.031461 -23.062830 1.905187 45.839429 -10.000000 5.983545 
10 0 Car -1.000000 -1 -4.722036 572.674086 174.047586 614.457585 215.157413 1.413032 1.829538 3.658385 -0.778624 1.764293 29.039278 -10.000000 6.437721 
10 1 Car -1.000000 -1 -5.411093 28.795075 170.917754 138.175709 214.624485 1.595054 1.659722 4.031461 -24.700726 1.998881 33.862265 -10.000000 6.545182 
10 2 Car -1.000000 -1 -5.176672 198.474308 174.701338 263.781454 205.855849 1.595054 1.659722 4.031461 -23.082198 2.032612 44.003901 -10.000000 6.664322 
11 0 Car -1.000000 -1 -4.751374 572.971367 173.877994 615.815690 215.903960 1.401011 1.860810 3.437601 -0.764043 1.800856 29.839502 -10.000000 7.009579 
11 1 Car -1.000000 -1 -1.564861 0.000000 170.748487 111.824486 218.338957 1.595054 1.659722 4.031461 -24.314649 1.977056 31.645164 -10.000000 7.102795 
11 2 Car -1.000000 -1 -5.531967 179.101404 174.646744 246.896680 206.538546 1.595054 1.659722 4.031461 -23.434599 2.035557 42.624321 -10.000000 7.294999 
11 3 Car -1.000000 -1 -2.330723 367.999975 175.000012 397.999988 193.999988 1.595054 1.659722 4.031461 -24.287979 2.244501 77.069157 -10.000000 0.191711 
12 0 Car -1.000000 -1 -4.742765 572.225485 173.349122 615.833527 214.968533 1.384962 1.945620 3.329264 -0.709926 1.749876 30.509935 -10.000000 7.627922 
12 1 Car -1.000000 -1 -5.292296 0.000000 173.922547 74.613421 221.486223 1.595054 1.659722 4.031461 -24.596065 2.182779 30.708293 -10.000000 7.490670 
12 2 Car -1.000000 -1 -5.258579 156.266596 175.455690 233.903938 208.069808 1.595054 1.659722 4.031461 -23.936895 2.214656 41.672444 -10.000000 7.833054 
13 0 Car -1.000000 -1 -4.718596 574.539911 173.430023 615.977935 213.881372 1.406388 1.918809 3.405636 -0.620829 1.700967 30.197045 -10.000000 8.201374 
13 2 Car -1.000000 -1 -5.492039 133.177957 175.274716 214.235519 209.481213 1.595054 1.659722 4.031461 -24.172095 2.077532 39.986549 -10.000000 8.431732 
13 3 Car -1.000000 -1 -1.854380 357.999997 175.999981 381.000078 194.000006 1.595054 1.659722 4.031461 -24.214206 2.142014 72.810745 -10.000000 0.768511 
14 0 Car -1.000000 -1 -4.697907 575.189035 173.523606 616.001120 213.581403 1.399165 1.985645 3.332584 -0.479884 1.756653 30.597607 -10.000000 8.790940 
14 2 Car -1.000000 -1 -4.281701 107.883981 173.931563 195.798683 211.341708 1.595054 1.659722 4.031461 -23.599984 1.927007 37.190038 -10.000000 8.964361 
14 3 Car -1.000000 -1 -4.956958 348.491151 174.444157 380.366746 192.936553 1.595054 1.659722 4.031461 -24.399137 2.057482 71.889268 -10.000000 1.313624 
15 0 Car -1.000000 -1 -4.759745 573.325181 174.247525 618.068723 212.999057 1.391404 1.987002 3.370850 -0.609134 1.737195 31.008469 -10.000000 9.294772 
15 2 Car -1.000000 -1 -5.573142 78.424116 171.673414 176.180258 210.469800 1.595054 1.659722 4.031461 -23.803991 1.860788 35.601498 -10.000000 9.495070 
15 3 Car -1.000000 -1 -1.823308 341.971657 174.716127 377.671189 193.762263 1.595054 1.659722 4.031461 -23.965311 1.963123 69.128542 -10.000000 2.039628 
